a tank_move 4
{
 n RootNode 0
 n tankParts1 3
  c tx 5
   d 0 0 3 0 0
   d 1 0 3 0 0 
   d 75 0 3 0 0 
   d 225 0 3 0 0 
   d 300 0 3 0 0 
  c ty 5
   d 0 -0.065607 3 0 0
   d 1 -0.065607 3 0 0 
   d 75 -0.065607 3 0 0 
   d 225 -0.065607 3 0 0 
   d 300 -0.065607 3 0 0 
  c tz 5
   d 0 -5.682145 3 0 0
   d 1 -5.682145 3 0 0 
   d 75 -0.584069 3 0 0 
   d 225 -0.584069 3 0 0 
   d 300 -5.682145 3 0 0 
 n tankParts2 3
  c rx 6
   d 0 0 3 0 0
   d 75 0 3 0 0 
   d 112 0 3 0 0 
   d 187 0 3 0 0 
   d 225 0 3 0 0 
   d 300 0 3 0 0
  c ry 6
   d 0 0 3 0 0
   d 75 0 3 0 0 
   d 112 0.461716 3 0 0 
   d 187 0.461716 3 0 0 
   d 225 0 3 0 0 
   d 300 0 3 0 0
  c rz 6
   d 0 0 3 0 0
   d 75 0 3 0 0 
   d 112 0 3 0 0 
   d 187 0 3 0 0 
   d 225 0 3 0 0 
   d 300 0 3 0 0
 n tankParts3 3
  c rx 5
   d 0 0 3 0 0
   d 112 0 3 0 0 
   d 150 -0.258938 3 0 0 
   d 187 0 3 0 0 
   d 300 0 3 0 0
  c ry 5
   d 0 0 3 0 0
   d 112 0 3 0 0 
   d 150 0 3 0 0 
   d 187 0 3 0 0 
   d 300 0 3 0 0
  c rz 5
   d 0 0 3 0 0
   d 112 0 3 0 0 
   d 150 0 3 0 0 
   d 187 0 3 0 0 
   d 300 0 3 0 0
}
