v tankParts1 pnt 24
-0.863359 -0.197583 1.651078  -0.999244 0.038875 -0.000773  0.375 1  
0.83927 -0.210716 1.651078  -0 -0.411666 0.911335  0.625 1  
-0.866887 0.197583 1.835514  -0.00825 0.999919 0.009677  0.083783 0.927231  
0.889999 0.210716 1.835514  0.997257 -0.074018 -0.000631  0.625 0.75  
-0.843783 0.23337 -1.983333  0 -0.705505 -0.708705  0.381576 0.572337  
0.871082 0.248882 -1.983333  -0.00825 0.999919 0.009677  0.924985 0.132062  
-0.881072 -0.23337 -1.503259  -0.008332 -0.999897 0.011725  0.375 0.25  
0.853773 -0.248882 -1.503259  0 -0.705505 -0.708705  0.625 0.25  
-0.863359 -0.197583 1.651078  -0.008332 -0.999897 0.011725  0.375 0  
0.83927 -0.210716 1.651078  -0.008332 -0.999897 0.011725  0.625 0  
0.853773 -0.248882 -1.503259  0.997257 -0.074018 -0.000631  0.875 1  
0.871082 0.248882 -1.983333  0.997257 -0.074018 -0.000631  0.875 0.75  
-0.881072 -0.23337 -1.503259  -0.999244 0.038875 -0.000773  0.125 1  
-0.843783 0.23337 -1.983333  -0.999244 0.038875 -0.000773  0.131576 0.822337  
0.853773 -0.248882 -1.503259  -0.008332 -0.999897 0.011725  0.625 0.25  
-0.881072 -0.23337 -1.503259  0 -0.705505 -0.708705  0.375 0.25  
0.871082 0.248882 -1.983333  0 -0.705505 -0.708705  0.625 0.5  
-0.843783 0.23337 -1.983333  -0.00825 0.999919 0.009677  0.083783 0.134254  
0.889999 0.210716 1.835514  -0.00825 0.999919 0.009677  0.931561 0.916271  
-0.866887 0.197583 1.835514  -0 -0.411667 0.911335  0.379384 0.695199  
-0.863359 -0.197583 1.651078  -0 -0.411667 0.911335  0.375 1  
-0.866887 0.197583 1.835514  -0.999244 0.038875 -0.000773  0.379384 0.695199  
0.83927 -0.210716 1.651078  0.997257 -0.074018 -0.000631  0.625 1  
0.889999 0.210716 1.835514  -0 -0.411666 0.911335  0.625 0.75  
i tankParts1 36
20 1 19 
19 1 23 
2 18 17 
17 18 5 
16 7 4 
4 7 15 
6 14 8 
8 14 9 
22 10 3 
3 10 11 
0 21 12 
12 21 13 
x pattern_camo1 Assets/textures/tank/pattern_camo1.png
b tankParts1 tankParts1 tankParts1 1
0 12 pattern_camo1
v tankParts2 pnt 24
-0.657788 -0.243446 0.924106  -0.961567 0.27457 0  0.375 1  
0.657788 -0.243446 0.924106  0 0.372313 0.928107  0.625 1  
-0.518759 0.243446 0.728789  0 1 0  0.375 0.75  
0.518759 0.243446 0.728789  0.961567 0.27457 0  0.625 0.75  
-0.518759 0.243446 -0.728789  0 0.372313 -0.928107  0.375 0.5  
0.518759 0.243446 -0.728789  0 1 0  0.625 0.5  
-0.657788 -0.243446 -0.924106  0 -1 0  0.375 0.25  
0.657788 -0.243446 -0.924106  0 0.372313 -0.928107  0.625 0.25  
-0.657788 -0.243446 0.924106  0 -1 0  0.375 0  
0.657788 -0.243446 0.924106  0 -1 0  0.625 0  
0.657788 -0.243446 -0.924106  0.961567 0.27457 0  0.875 1  
0.518759 0.243446 -0.728789  0.961567 0.27457 0  0.875 0.75  
-0.657788 -0.243446 -0.924106  -0.961567 0.27457 0  0.125 1  
-0.518759 0.243446 -0.728789  -0.961567 0.27457 0  0.125 0.75  
0.657788 -0.243446 -0.924106  0 -1 0  0.625 0.25  
-0.657788 -0.243446 -0.924106  0 0.372313 -0.928107  0.375 0.25  
0.518759 0.243446 -0.728789  0 0.372313 -0.928107  0.625 0.5  
-0.518759 0.243446 -0.728789  0 1 0  0.375 0.5  
0.518759 0.243446 0.728789  0 1 0  0.625 0.75  
-0.518759 0.243446 0.728789  0 0.372313 0.928107  0.375 0.75  
-0.657788 -0.243446 0.924106  0 0.372313 0.928107  0.375 1  
-0.518759 0.243446 0.728789  -0.961567 0.27457 0  0.375 0.75  
0.657788 -0.243446 0.924106  0.961567 0.27457 0  0.625 1  
0.518759 0.243446 0.728789  0 0.372313 0.928107  0.625 0.75  
i tankParts2 36
20 1 19 
19 1 23 
2 18 17 
17 18 5 
4 16 15 
15 16 7 
6 14 8 
8 14 9 
22 10 3 
3 10 11 
12 0 13 
13 0 21 
b tankParts2 tankParts2 tankParts2 1
0 12 pattern_camo1
v tankParts3 pnt 24
-0.061275 -0.055015 2.225923  -1 0 0  0.375 1  
0.061275 -0.055015 2.225923  0 0 1  0.625 1  
-0.061275 0.055015 2.225923  0 1 0  0.375 0.75  
0.061275 0.055015 2.225923  1 0 0  0.625 0.75  
-0.061275 0.055015 -0.021855  0 0 -1  0.375 0.5  
0.061275 0.055015 -0.021855  0 1 0  0.625 0.5  
-0.061275 -0.055015 -0.021855  0 -1 0  0.375 0.25  
0.061275 -0.055015 -0.021855  0 0 -1  0.625 0.25  
-0.061275 -0.055015 2.225923  0 -1 0  0.375 0  
0.061275 -0.055015 2.225923  0 -1 0  0.625 0  
0.061275 -0.055015 -0.021855  1 0 0  0.875 1  
0.061275 0.055015 -0.021855  1 0 0  0.875 0.75  
-0.061275 -0.055015 -0.021855  -1 0 0  0.125 1  
-0.061275 0.055015 -0.021855  -1 0 0  0.125 0.75  
0.061275 -0.055015 -0.021855  0 -1 0  0.625 0.25  
-0.061275 -0.055015 -0.021855  0 0 -1  0.375 0.25  
0.061275 0.055015 -0.021855  0 0 -1  0.625 0.5  
-0.061275 0.055015 -0.021855  0 1 0  0.375 0.5  
0.061275 0.055015 2.225923  0 1 0  0.625 0.75  
-0.061275 0.055015 2.225923  0 0 1  0.375 0.75  
-0.061275 -0.055015 2.225923  0 0 1  0.375 1  
-0.061275 0.055015 2.225923  -1 0 0  0.375 0.75  
0.061275 -0.055015 2.225923  1 0 0  0.625 1  
0.061275 0.055015 2.225923  0 0 1  0.625 0.75  
i tankParts3 36
20 1 19 
19 1 23 
2 18 17 
17 18 5 
4 16 15 
15 16 7 
6 14 8 
8 14 9 
22 10 3 
3 10 11 
12 0 13 
13 0 21 
b tankParts3 tankParts3 tankParts3 1
0 12 pattern_camo1
t tank
{ n RootNode
 { n tankParts1 b tankParts1 t 0 0.20941 -3.639894 
  { n tankParts2 b tankParts2 t -0.014089 0.468163 -0.569268 
   { n tankParts3 b tankParts3 t 0.014089 0.013938 0.756595  }
  }
 }
}
