v saikoro pnt 24
0.5 -0.5 0.5  1 0 0  0.155411 0.365812  
0.5 -0.5 -0.5  1 0 0  0.484891 0.365812  
0.5 0.5 -0.5  1 0 0  0.484891 0.036332  
0.5 0.5 0.5  1 0 0  0.155411 0.036332  
-0.5 -0.5 -0.5  -1 0 0  0.156905 0.967772  
-0.5 -0.5 0.5  -1 0 0  0.486385 0.967772  
-0.5 0.5 0.5  -1 0 0  0.486385 0.638292  
-0.5 0.5 -0.5  -1 0 0  0.156905 0.638292  
-0.5 0.5 0.5  0 1 0  0.498285 0.963668  
0.5 0.5 0.5  0 1 0  0.827765 0.963668  
0.5 0.5 -0.5  0 1 0  0.827765 0.634188  
-0.5 0.5 -0.5  0 1 0  0.498285 0.634188  
-0.5 -0.5 -0.5  0 -1 0  0.504556 0.36578  
0.5 -0.5 -0.5  0 -1 0  0.834036 0.36578  
0.5 -0.5 0.5  0 -1 0  0.834036 0.0363  
-0.5 -0.5 0.5  0 -1 0  0.504556 0.0363  
-0.5 -0.5 0.5  0 0 1  0.486691 0.672788  
0.5 -0.5 0.5  0 0 1  0.816171 0.672788  
0.5 0.5 0.5  0 0 1  0.816171 0.343308  
-0.5 0.5 0.5  0 0 1  0.486691 0.343308  
-0.5 0.5 -0.5  0 0 -1  0.159119 0.65868  
0.5 0.5 -0.5  0 0 -1  0.488598 0.65868  
0.5 -0.5 -0.5  0 0 -1  0.488598 0.3292  
-0.5 -0.5 -0.5  0 0 -1  0.159119 0.3292  
i saikoro 36
16 17 19 
19 17 18 
8 9 11 
11 9 10 
20 21 23 
23 21 22 
12 13 15 
15 13 14 
0 1 3 
3 1 2 
4 5 7 
7 5 6 
x saikoro Assets/textures/saikoro/saikoro.jpg
b saikoro saikoro saikoro 1
0 12 saikoro
t saikoro
{ n RootNode
 { n saikoro b saikoro  }
}
