v saikoro pnt 24
0.5 -0.5 0.5  1 0 0  0.155411 0.365812  
0.5 -0.5 -0.5  1 0 0  0.484891 0.365812  
0.5 0.5 -0.5  1 0 0  0.484891 0.036332  
0.5 0.5 0.5  1 0 0  0.155411 0.036332  
-0.5 -0.5 -0.5  -1 0 0  0.156905 0.967772  
-0.5 -0.5 0.5  -1 0 0  0.486385 0.967772  
-0.5 0.5 0.5  -1 0 0  0.486385 0.638292  
-0.5 0.5 -0.5  -1 0 0  0.156905 0.638292  
-0.5 0.5 0.5  0 1 0  0.498285 0.963668  
0.5 0.5 0.5  0 1 0  0.827765 0.963668  
0.5 0.5 -0.5  0 1 0  0.827765 0.634188  
-0.5 0.5 -0.5  0 1 0  0.498285 0.634188  
-0.5 -0.5 -0.5  0 -1 0  0.504556 0.36578  
0.5 -0.5 -0.5  0 -1 0  0.834036 0.36578  
0.5 -0.5 0.5  0 -1 0  0.834036 0.0363  
-0.5 -0.5 0.5  0 -1 0  0.504556 0.0363  
-0.5 -0.5 0.5  0 0 1  0.486691 0.672788  
0.5 -0.5 0.5  0 0 1  0.816171 0.672788  
0.5 0.5 0.5  0 0 1  0.816171 0.343308  
-0.5 0.5 0.5  0 0 1  0.486691 0.343308  
-0.5 0.5 -0.5  0 0 -1  0.159119 0.65868  
0.5 0.5 -0.5  0 0 -1  0.488598 0.65868  
0.5 -0.5 -0.5  0 0 -1  0.488598 0.3292  
-0.5 -0.5 -0.5  0 0 -1  0.159119 0.3292  
i saikoro 36
16 17 19 
19 17 18 
8 9 11 
11 9 10 
20 21 23 
23 21 22 
12 13 15 
15 13 14 
0 1 3 
3 1 2 
4 5 7 
7 5 6 
x saikoro Assets/saikoro.jpg
b saikoro saikoro saikoro 1
0 12 saikoro
t saikoro
{ n RootNode
 { n saikoro b saikoro  }
}
v pCube1 pnt 24
-1.14244 -0.212913 2.052039  -1 0 0  0.375 1  
1.14244 -0.212913 2.052039  0 0.480492 0.876999  0.625 1  
-1.14244 0.212913 1.818736  0 1 0.000631  0.375 0.75  
1.14244 0.212913 1.818736  1 -0 0  0.625 0.75  
-1.14244 0.215212 -1.823035  0 0.462787 -0.886469  0.375 0.5  
1.14244 0.215212 -1.823035  0 1 0.000631  0.625 0.5  
-1.14244 -0.215212 -2.047741  0 -1 0.000561  0.375 0.25  
1.14244 -0.215212 -2.047741  0 0.462787 -0.886469  0.625 0.25  
-1.14244 -0.212913 2.052039  0 -1 0.000561  0.375 0  
1.14244 -0.212913 2.052039  0 -1 0.000561  0.625 0  
1.14244 -0.215212 -2.047741  1 -0 0  0.875 1  
1.14244 0.215212 -1.823035  1 -0 0  0.875 0.75  
-1.14244 -0.215212 -2.047741  -1 0 0  0.125 1  
-1.14244 0.215212 -1.823035  -1 0 0  0.125 0.75  
1.14244 0.212913 1.818736  0 1 0.000631  0.625 0.75  
1.14244 0.215212 -1.823035  0 0.462787 -0.886469  0.625 0.5  
-1.14244 0.212913 1.818736  0 0.480492 0.876999  0.375 0.75  
-1.14244 0.215212 -1.823035  0 1 0.000631  0.375 0.5  
1.14244 -0.212913 2.052039  1 -0 0  0.625 1  
1.14244 0.212913 1.818736  0 0.480492 0.876999  0.625 0.75  
-1.14244 -0.212913 2.052039  0 0.480492 0.876999  0.375 1  
-1.14244 0.212913 1.818736  -1 0 0  0.375 0.75  
1.14244 -0.215212 -2.047741  0 -1 0.000561  0.625 0.25  
-1.14244 -0.215212 -2.047741  0 0.462787 -0.886469  0.375 0.25  
i pCube1 36
20 1 16 
16 1 19 
2 14 17 
17 14 5 
4 15 23 
23 15 7 
6 22 8 
8 22 9 
18 10 3 
3 10 11 
0 21 12 
12 21 13 
x pattern_camo1 Assets/pattern_camo1.png
b pCube1 pCube1 pCube1 1
0 12 pattern_camo1
v pCube2 pnt 24
-0.389211 -0.23145 0.789778  -1 -0 0  0.375 1  
0.386707 -0.23145 0.789778  0 0.403884 0.91481  0.625 1  
-0.389211 0.23145 0.58541  0 0.999964 -0.008433  0.375 0.75  
0.386707 0.23145 0.58541  1 -0 0  0.625 0.75  
-0.389211 0.221742 -0.56577  0 0.481513 -0.876439  0.375 0.5  
0.386707 0.221742 -0.56577  0 0.999964 -0.008433  0.625 0.5  
-0.389211 -0.221742 -0.809419  0 -0.999982 -0.00607  0.375 0.25  
0.386707 -0.221742 -0.809419  0 0.481513 -0.876439  0.625 0.25  
-0.389211 -0.23145 0.789778  0 -0.999982 -0.00607  0.375 0  
0.386707 -0.23145 0.789778  0 -0.999982 -0.00607  0.625 0  
0.386707 -0.221742 -0.809419  1 -0 0  0.875 1  
0.386707 0.221742 -0.56577  1 -0 0  0.875 0.75  
-0.389211 -0.221742 -0.809419  -1 -0 0  0.125 1  
-0.389211 0.221742 -0.56577  -1 -0 0  0.125 0.75  
0.386707 0.23145 0.58541  0 0.999964 -0.008433  0.625 0.75  
0.386707 0.221742 -0.56577  0 0.481513 -0.876439  0.625 0.5  
-0.389211 0.23145 0.58541  0 0.403884 0.91481  0.375 0.75  
-0.389211 0.221742 -0.56577  0 0.999964 -0.008433  0.375 0.5  
0.386707 -0.23145 0.789778  1 -0 0  0.625 1  
0.386707 0.23145 0.58541  0 0.403884 0.91481  0.625 0.75  
-0.389211 -0.23145 0.789778  0 0.403884 0.91481  0.375 1  
-0.389211 0.23145 0.58541  -1 -0 0  0.375 0.75  
0.386707 -0.221742 -0.809419  0 -0.999982 -0.00607  0.625 0.25  
-0.389211 -0.221742 -0.809419  0 0.481513 -0.876439  0.375 0.25  
i pCube2 36
20 1 16 
16 1 19 
2 14 17 
17 14 5 
4 15 23 
23 15 7 
6 22 8 
8 22 9 
10 11 18 
18 11 3 
12 0 13 
13 0 21 
b pCube2 pCube2 pCube2 1
0 12 pattern_camo1
v pCube3 pnt 24
-0.051577 -0.04185 1.836257  -0.998972 0 0.045329  0.375 1  
0.122146 -0.04185 1.83284  0.019664 0 0.999807  0.625 1  
-0.051577 0.113913 1.836257  0.000453 0.999735 0.023012  0.375 0.75  
0.122146 0.113913 1.83284  0.999982 0 0.006009  0.625 0.75  
-0.134629 0.156081 0.005928  -0.019666 0 -0.999807  0.375 0.5  
0.133155 0.156081 0.000661  0.000453 0.999735 0.023012  0.625 0.5  
-0.134629 -0.084018 0.005928  0.000453 -0.999735 0.023012  0.375 0.25  
0.133155 -0.084018 0.000661  -0.019666 0 -0.999807  0.625 0.25  
-0.051577 -0.04185 1.836257  0.000453 -0.999735 0.023012  0.375 0  
0.122146 -0.04185 1.83284  0.000453 -0.999735 0.023012  0.625 0  
0.133155 -0.084018 0.000661  0.999982 0 0.006009  0.875 1  
0.133155 0.156081 0.000661  0.999982 0 0.006009  0.875 0.75  
-0.134629 -0.084018 0.005928  -0.998972 0 0.045329  0.125 1  
-0.134629 0.156081 0.005928  -0.998972 0 0.045329  0.125 0.75  
0.122146 0.113913 1.83284  0.000453 0.999735 0.023012  0.625 0.75  
0.133155 0.156081 0.000661  -0.019666 0 -0.999807  0.625 0.5  
-0.051577 0.113913 1.836257  0.019664 0 0.999807  0.375 0.75  
-0.134629 0.156081 0.005928  0.000453 0.999735 0.023012  0.375 0.5  
0.122146 -0.04185 1.83284  0.999982 0 0.006009  0.625 1  
0.122146 0.113913 1.83284  0.019664 0 0.999807  0.625 0.75  
-0.051577 -0.04185 1.836257  0.019664 0 0.999807  0.375 1  
-0.051577 0.113913 1.836257  -0.998972 0 0.045329  0.375 0.75  
0.133155 -0.084018 0.000661  0.000453 -0.999735 0.023012  0.625 0.25  
-0.134629 -0.084018 0.005928  -0.019666 0 -0.999807  0.375 0.25  
i pCube3 36
20 1 16 
16 1 19 
2 14 17 
17 14 5 
4 15 23 
23 15 7 
6 22 8 
8 22 9 
18 10 3 
3 10 11 
12 0 13 
13 0 21 
b pCube3 pCube3 pCube3 1
0 12 pattern_camo1
t test
{ n RootNode
 { n pCube1 b pCube1 t 0.004335 0.2381 -0.356991 s 0.775917 1 1 
  { n pCube2 b pCube2 t 0.000967 0.450866 0.000036 r 0 -0.004406 0 s 1.288797 1 1 
   { n pCube3 b pCube3 t 0.001748 0 0.573281 r 0 -0.019668 0 s 0.866113 0.934476 0.999872  }
  }
 }
}
a test_move 4
{
 n RootNode 0
 n pCube1 6
  c tx 4
   d 0 -0.175442 3 0 0
   d 1 -0.175442 3 0 0 
   d 30 -0.175442 3 0 0 
   d 60 -0.175442 3 0 0 
  c ty 4
   d 0 0.2381 3 0 0
   d 1 0.2381 3 0 0 
   d 30 0.2381 3 0 0 
   d 60 0.2381 3 0 0 
  c tz 4
   d 0 -0.356991 3 0 0
   d 1 -0.356991 3 0 0 
   d 30 0.375795 3 0 0 
   d 60 -0.356991 3 0 0 
  c rx 3
   d 0 0 3 0 0
   d 1 0 3 0 0 
   d 60 0 3 0 0 
  c ry 3
   d 0 0 3 0 0
   d 1 0 3 0 0 
   d 60 0 3 0 0 
  c rz 3
   d 0 0 3 0 0
   d 1 0 3 0 0 
   d 60 0 3 0 0 
 n pCube2 3
  c rx 4
   d 0 0 3 0 0
   d 1 0 3 0 0 
   d 30 0 3 0 0 
   d 60 0 3 0 0 
  c ry 4
   d 0 -0.004406 3 0 0
   d 1 -0.004406 3 0 0 
   d 30 0.429636 3 0 0 
   d 60 -0.004406 3 0 0 
  c rz 4
   d 0 0 3 0 0
   d 1 0 3 0 0 
   d 30 0 3 0 0 
   d 60 0 3 0 0 
 n pCube3 3
  c rx 4
   d 0 0 3 0 0
   d 1 0 3 0 0 
   d 30 -0.17191 3 0 0 
   d 60 0 3 0 0 
  c ry 4
   d 0 -0.019668 3 0 0
   d 1 -0.019668 3 0 0 
   d 30 -0.019668 3 0 0 
   d 60 -0.019668 3 0 0 
  c rz 4
   d 0 0 3 0 0
   d 1 0 3 0 0 
   d 30 0 3 0 0 
   d 60 0 3 0 0 
}
